inputHeight = 60;
inputWidth = 80;
inputChannels = 3;
outputHeight = 8;
outputWidth = 10;
outputAnchors = 4;
paramsPerAnchor = 5;
predictFallen = false;
confidenceIndex = 0;
yMidIndex = 1;
xMidIndex = 2;
heightIndex = 3;
widthIndex = 4;
fallenClassIndex = -1;
anchors = [
  { x = 0.09658511133978298; y = 0.2370820816605168; },
  { x = 0.14000417622375075; y = 0.4056380034479811; },
  { x = 0.2177281673006002; y = 0.7012438628796819; },
  { x = 0.3954677177611361; y = 0.9756357911017483; },
];
sizeConversionFactor = 8.0;
