shoulderRadius = 48.0;
intervals = [-2.086017522, -1.5269885626, -1.0899581179, -0.903033355, -0.756076632, -0.4860741967, 0, 0.4860741967, 0.756076632, 0.903033355, 1.0899581179, 1.5269885626, 2.086017522];
lowerBounds = [-0.4490732165, -0.3300417616, -0.4300491277, -0.4799655443, -0.5480333851, -0.671951762, -0.671951762, -0.671951762, -0.5480333851, -0.4799655443, -0.4300491277, -0.3300417616, -0.4490732165];
upperBounds = [0.3300417616, 0.2000147323, 0.3000220984, 0.3300417616, 0.3700098014, 0.4220206131, 0.5150466623, 0.4220206131, 0.3700098014, 0.3300417616, 0.3000220984, 0.2000147323, 0.3300417616];
